0	0
0.15	0.295520207	
0.45	0.78332691
0.6	0.932039086
0.75	0.997494987
0.9	0.973847631	
1.2	0.675463181
1.35	0.42737988
1.5	0.141120008
1.65	-0.157745694
1.8	-0.442520443
1.95	-0.687766159	
2.25	-0.977530118
2.4	-0.996164609
2.55	-0.925814682
2.7	-0.772764488
3	-0.279415498
3.15	0.0168139
3.3	0.311541364
3.45	0.578439764	
3.75	0.937999977
3.9	0.998543345
4.05	0.969889811	
4.35	0.66296923
4.5	0.412118485
4.65	0.124454424	
4.95	-0.457535894
5.1	-0.699874688
5.25	-0.87969576
5.4	-0.98093623	
5.7	-0.919328526
5.85	-0.761983584
